3.775057034896380781e-01
2.573705378710289260e-01
3.159184095933845193e-01
2.873029559256969900e-01
2.581862379068859958e-01
1.797155260477282246e-01
2.231302073950247045e-01
2.907092842979391301e-01
2.719796530738397000e-01
1.940808671033213140e-01
2.545373717685791015e-01
2.196005847620355056e-01
3.557809568642200104e-01
4.021002585855859013e-01
4.048293905770381507e-01
4.203316964155571211e-01
3.275415854510042024e-01
3.648919374082387757e-01
5.878044067949358409e-01
5.183916992758302866e-01
4.143498846285285087e-01
4.464306029546646903e-01
4.283142578951669721e-01
4.068759607494907282e-01
1.589873783164703624e-01
1.566279528818091127e-01
2.437066981025045598e-01
2.540357848669967389e-01
2.564646035019676473e-01
2.619714371187756297e-01
3.467236880737778471e-01
3.143636378690206623e-01
3.064240791312014545e-01
3.454864018739839948e-01
4.625511726253047073e-01
4.564954171722654386e-01
1.395221259089322874e-01
2.178784209333274047e-01
2.344558874473393062e-01
2.656385000741819935e-01
2.314315268477055709e-01
2.486863906357538456e-01
3.575690607718889913e-01
3.714800982823623920e-01
3.781297384709091935e-01
3.451738403831173252e-01
3.675789571289153732e-04
7.072669059419308679e-01
5.812536077670417134e-01
3.471830167532963807e-01
3.890218249230473768e-01
2.824422519969351786e-01
4.208831866953364198e-01
3.948347649101426882e-01
2.826218064589233747e-01
3.732575232655153119e-01
4.256182671229246650e-01
2.134677489051283183e-01
3.943765872087876545e-01
4.095328930152105085e-01
5.670384139523799716e-01
4.179435198865320555e-01
4.741075538134291167e-01
4.581949071610108559e-01
4.695954510638644663e-01
5.181176481799447675e-01
3.951794474562744242e-01
4.522826907756936632e-01
5.090985700371820633e-01
4.417556353936504809e-01
3.817947719373050441e-01
3.898889237303861943e-01
2.857693744212917442e-01
2.858921172067010463e-01
3.806924250791400843e-01
3.625065147052011771e-01
2.153953123459725061e-01
2.062929214366719388e-01
8.314268751232846422e-02
4.337968118341560819e-01
4.525439514188600021e-01
6.098065066406574419e-04
2.258873042874424975e-01
4.378743077340478407e-01
4.619211048664663699e-01
3.586014244576551380e-01
8.775493365930858713e-01
5.030341935540149079e-01
3.925366937689084290e-01
6.228612182676284137e-01
4.653445241151129008e-01
0.000000000000000000e+00
0.000000000000000000e+00
4.598307341724232611e-01
5.611318597666641317e-01
4.482174232011836845e-01
4.795081909603620129e-01
5.661079124879847546e-01
3.650484554880251697e-01
4.625869460132795430e-01
3.742530760197541606e-01
4.015234464124880498e-01
3.688119090802009503e-01
3.623003722552358696e-01
3.556009871605581574e-01
3.586518813668310712e-01
2.967638403715586182e-01
