5.400000000000000000e+01	3.000000000000000444e-01	9.497920882989454583e+00
5.400000000000000000e+01	3.000000000000000444e-01	1.198120863060257513e+01
5.600000000000000000e+01	2.000000000000000111e-01	8.974047763552178480e+00
5.600000000000000000e+01	2.000000000000000111e-01	1.153922898715928724e+01
6.000000000000000000e+01	1.000000000000000056e-01	1.606039275088628671e+01
6.000000000000000000e+01	1.000000000000000056e-01	6.754658113289522703e+00
5.200000000000000000e+01	2.000000000000000111e-01	8.293717476852823012e+00
5.200000000000000000e+01	3.000000000000000444e-01	6.226550519472712431e+00
5.200000000000000000e+01	3.000000000000000444e-01	7.103799077631661518e+00
5.500000000000000000e+01	1.000000000000000056e-01	1.922563792018036821e+01
5.500000000000000000e+01	2.000000000000000111e-01	2.356782346098950498e+01
5.800000000000000000e+01	1.000000000000000056e-01	1.707052464168428685e+01
5.600000000000000000e+01	5.000000000000000000e-01	5.935753770583581890e+00
5.600000000000000000e+01	5.000000000000000000e-01	9.886561928903613961e+00
5.600000000000000000e+01	6.000000000000000888e-01	1.331842899297817873e+01
5.600000000000000000e+01	6.000000000000000888e-01	1.026361000791224320e+01
5.800000000000000000e+01	4.000000000000000222e-01	5.596964832817167057e+00
5.800000000000000000e+01	4.000000000000000222e-01	6.468699301432106807e+00
5.600000000000000000e+01	6.000000000000000888e-01	1.144984386152809641e+01
5.600000000000000000e+01	6.000000000000000888e-01	1.549298897460745827e+01
5.700000000000000000e+01	5.000000000000000000e-01	7.032648225383663743e+00
5.800000000000000000e+01	5.000000000000000000e-01	6.234860847932127470e+00
6.000000000000000000e+01	4.000000000000000222e-01	1.238490435888499874e+01
6.000000000000000000e+01	4.000000000000000222e-01	6.223667526693835939e+00
5.000000000000000000e+01	1.000000000000000056e-01	3.384678376032927094e+00
5.000000000000000000e+01	1.000000000000000056e-01	1.119871295736133376e+01
5.000000000000000000e+01	2.000000000000000111e-01	1.171682647034508129e+01
5.000000000000000000e+01	2.000000000000000111e-01	1.049100344560948450e+01
5.000000000000000000e+01	3.000000000000000444e-01	8.725045746030238192e+00
5.000000000000000000e+01	3.000000000000000444e-01	1.002944423236641747e+01
5.000000000000000000e+01	4.000000000000000222e-01	1.400286038821717227e+01
5.000000000000000000e+01	4.000000000000000222e-01	1.050133931378695884e+01
5.000000000000000000e+01	5.000000000000000000e-01	5.387494973221027550e+00
5.000000000000000000e+01	5.000000000000000000e-01	1.830012832853120841e+01
5.000000000000000000e+01	6.000000000000000888e-01	1.170531212977393487e+01
5.000000000000000000e+01	6.000000000000000888e-01	6.177722279626600255e+00
4.000000000000000000e+01	1.000000000000000056e-01	3.818125550386982425e+00
4.000000000000000000e+01	1.000000000000000056e-01	2.191917015328678886e+01
4.100000000000000000e+01	2.000000000000000111e-01	1.104198473423465821e+01
4.100000000000000000e+01	2.000000000000000111e-01	1.559030488394699887e+01
4.100000000000000000e+01	3.000000000000000444e-01	1.375797051349367628e+01
4.100000000000000000e+01	3.000000000000000444e-01	1.375619342310755933e+01
3.900000000000000000e+01	5.000000000000000000e-01	1.996645897968025452e+01
3.900000000000000000e+01	5.000000000000000000e-01	7.850185303118143665e+00
3.900000000000000000e+01	4.000000000000000222e-01	1.131932962497973527e+01
3.900000000000000000e+01	4.000000000000000222e-01	2.026868124937052684e+01
3.800000000000000000e+01	6.000000000000000888e-01	4.497296886017917217e+00
3.900000000000000000e+01	6.000000000000000888e-01	1.147158626113094293e+01
3.900000000000000000e+01	2.000000000000000111e-01	1.799416037830284409e+01
3.900000000000000000e+01	2.000000000000000111e-01	1.848371536039472574e+01
3.900000000000000000e+01	1.000000000000000056e-01	1.913867358408938557e+01
4.100000000000000000e+01	3.000000000000000444e-01	1.952548406511528611e+01
4.100000000000000000e+01	3.000000000000000444e-01	1.296543965161347423e+01
3.100000000000000000e+01	2.000000000000000111e-01	1.386836823241367611e+01
3.100000000000000000e+01	3.000000000000000444e-01	1.520173825184285832e+01
3.100000000000000000e+01	3.000000000000000444e-01	7.235057294946415141e+00
3.100000000000000000e+01	1.000000000000000056e-01	1.473141720576070846e+01
3.100000000000000000e+01	2.000000000000000111e-01	1.553962902024459147e+01
2.900000000000000000e+01	4.000000000000000222e-01	1.719167238904974138e+00
2.900000000000000000e+01	4.000000000000000222e-01	2.069234461409795944e+00
2.900000000000000000e+01	5.000000000000000000e-01	1.947752289674690829e+00
2.900000000000000000e+01	5.000000000000000000e-01	2.209918710927918806e+00
2.900000000000000000e+01	6.000000000000000888e-01	1.999454533933785250e+00
2.900000000000000000e+01	6.000000000000000888e-01	2.581844998943507719e+00
2.900000000000000000e+01	4.000000000000000222e-01	2.402119174900170684e+00
2.900000000000000000e+01	4.000000000000000222e-01	2.078603465664994765e+00
2.900000000000000000e+01	5.000000000000000000e-01	2.409626406569347346e+00
2.900000000000000000e+01	5.000000000000000000e-01	2.194420862169336406e+00
2.900000000000000000e+01	6.000000000000000888e-01	2.742601502573943861e+00
6.600000000000000000e+01	3.000000000000000444e-01	7.619742440590657750e+00
6.600000000000000000e+01	3.000000000000000444e-01	1.162062848494291423e+01
7.000000000000000000e+01	1.000000000000000056e-01	7.439363752099863447e+00
7.000000000000000000e+01	1.000000000000000056e-01	1.056210739710156155e+01
7.000000000000000000e+01	2.000000000000000111e-01	1.010894396032064968e+01
7.000000000000000000e+01	2.000000000000000111e-01	1.107763582718376583e+01
7.700000000000000000e+01	1.000000000000000056e-01	9.119571749305263708e+00
7.800000000000000000e+01	1.000000000000000056e-01	1.160241549219683677e+01
8.000000000000000000e+01	3.000000000000000444e-01	1.242256639422423703e+01
8.200000000000000000e+01	2.000000000000000111e-01	-1.716709480441096503e-01
8.200000000000000000e+01	2.000000000000000111e-01	1.173830165747314425e+01
7.600000000000000000e+01	6.000000000000000888e-01	8.016813270146464276e+00
7.600000000000000000e+01	6.000000000000000888e-01	8.696970350634982694e+00
7.800000000000000000e+01	5.000000000000000000e-01	6.267340313768649196e+00
8.200000000000000000e+01	4.000000000000000222e-01	1.233729207056574850e+01
8.200000000000000000e+01	4.000000000000000222e-01	1.038927652555083725e+01
7.000000000000000000e+01	4.000000000000000222e-01	4.568958660035308483e+00
7.000000000000000000e+01	4.000000000000000222e-01	7.272098370332403583e+00
7.200000000000000000e+01	5.000000000000000000e-01	4.943289474664436689e+00
7.200000000000000000e+01	5.000000000000000000e-01	5.253606838101385179e+00
7.200000000000000000e+01	6.000000000000000888e-01	3.312038054486683425e+00
7.200000000000000000e+01	6.000000000000000888e-01	6.872055916097828288e+00
7.000000000000000000e+01	4.000000000000000222e-01	1.036834959285068791e+01
7.000000000000000000e+01	4.000000000000000222e-01	7.897084638136688817e+00
6.000000000000000000e+01	4.000000000000000222e-01	8.778621847857113636e+00
6.000000000000000000e+01	4.000000000000000222e-01	9.054254711672971467e+00
1.800000000000000000e+01	4.000000000000000222e-01	1.160292427479807564e+01
1.800000000000000000e+01	4.000000000000000222e-01	1.049050554667787871e+01
6.000000000000000000e+00	4.000000000000000222e-01	5.738426343136517893e+00
6.000000000000000000e+00	4.000000000000000222e-01	6.625211548255946603e+00
