	0	0	400.834	801.668	1202.5	1603.34	2004.17	2405	2805.84	3206.67	3607.51	4008.34	4409.17	4810.01	5210.84	5611.68	6012.51	6413.34	6814.18	7215.01	7615.85	8016.68	8417.51	8818.35	9219.18	9620.02	10020.9	10421.7	10822.5	11223.4	11624.2
X (X)																															
µm		Counts/s	Counts/s	Counts/s	Counts/s	Counts/s	Counts/s	Counts/s	Counts/s	Counts/s	Counts/s	Counts/s	Counts/s	Counts/s	Counts/s	Counts/s	Counts/s	Counts/s	Counts/s	Counts/s	Counts/s	Counts/s	Counts/s	Counts/s	Counts/s	Counts/s	Counts/s	Counts/s	Counts/s	Counts/s	Counts/s
0		15.848	12.8802	13.9389	5.21875	1.55062	10.2208	3.22629	3.45972	0.65026	0	0	0	0	0.942043	0	0.65026	0.366813	0	0	2.55936	2.31759	-1.0	-1.0	-1.0	-1.0	-1.0	-1.0	-1.0	-1.0	-1.0
399.898		3.61811	8.89522	6.71935	6.02741	13.4304	4.71855	0	1.50894	0	7.42797	1.79238	2.68441	0.366813	2.14252	2.96785	2.53435	1.55896	2.68441	0.942043	4.87695	2.03415	-1.0	-1.0	-1.0	-1.0	-1.0	-1.0	-1.0	-1.0	-1.0
799.796		2.14252	8.83687	10.1791	6.79438	3.74316	6.07743	5.31046	0	0	1.66733	0.366813	0	0.942043	3.33467	0	2.39262	0.942043	0	1.01707	0.366813	0.942043	-1.0	-1.0	-1.0	-1.0	-1.0	-1.0	-1.0	-1.0	-1.0
1199.69		1.5923	14.9393	5.6606	12.5467	15.3561	16.8984	3.98493	8.39502	5.46052	0.942043	3.61811	1.95912	0	0	6.37755	8.68681	0	0	0.77531	0	0.65026	-1.0	-1.0	-1.0	-1.0	-1.0	-1.0	-1.0	-1.0	-1.0
1599.59		0	9.11198	11.0377	12.1882	5.3438	3.33467	13.297	4.92697	0.366813	0	0	0.77531	4.52681	0	2.14252	0	2.39262	0	3.70148	5.36881	0	-1.0	-1.0	-1.0	-1.0	-1.0	-1.0	-1.0	-1.0	-1.0
1999.49		7.31959	7.61138	10.771	14.1307	4.04328	11.3879	6.86108	1.71735	0.942043	0.77531	3.25964	0	3.73483	2.14252	5.47719	0.942043	0	4.23503	0	0	0	-1.0	-1.0	-1.0	-1.0	-1.0	-1.0	-1.0	-1.0	-1.0
2399.39		5.65226	13.1469	2.50934	14.5391	5.71895	5.06036	12.0882	4.27671	4.16	7.8448	0.77531	2.14252	0	0	0	0	0	2.39262	0	1.8424	0.77531	-1.0	-1.0	-1.0	-1.0	-1.0	-1.0	-1.0	-1.0	-1.0
2799.29		5.24376	5.89402	10.846	4.89362	13.347	4.95198	6.01907	4.28505	6.06909	2.31759	0	3.99326	4.87695	7.46132	0	2.31759	2.31759	2.31759	4.46012	1.19214	0.366813	-1.0	-1.0	-1.0	-1.0	-1.0	-1.0	-1.0	-1.0	-1.0
3199.18		10.7543	5.85234	10.3625	1.19214	10.846	4.35174	4.88529	7.03615	0	0.65026	0	1.01707	2.55936	2.68441	0	2.14252	2.68441	0	3.08457	0	0.77531	-1.0	-1.0	-1.0	-1.0	-1.0	-1.0	-1.0	-1.0	-1.0
3599.08		6.43591	9.98733	9.83727	7.06949	10.2541	10.4625	10.3958	6.96112	4.85194	8.45338	0.65026	3.50974	0.65026	2.14252	3.33467	5.07703	2.68441	0.942043	2.68441	4.95198	0	-1.0	-1.0	-1.0	-1.0	-1.0	-1.0	-1.0	-1.0	-1.0
3998.98		0	7.31959	3.57643	16.7234	9.70388	15.4145	6.26084	13.6971	2.14252	3.20962	1.19214	0	1.19214	0.77531	4.71022	1.19214	2.91783	0.65026	0	2.68441	0	-1.0	-1.0	-1.0	-1.0	-1.0	-1.0	-1.0	-1.0	-1.0
4398.88		3.9099	4.65186	4.10164	10.1791	11.0127	20.1831	10.3208	9.30372	0.77531	4.35174	0	5.36881	0	0	0	1.19214	0.77531	2.39262	0	0.366813	2.73443	-1.0	-1.0	-1.0	-1.0	-1.0	-1.0	-1.0	-1.0	-1.0
4798.78		3.1596	2.55936	5.90236	3.02621	10.1791	13.2803	15.3478	5.05202	8.06989	1.01707	2.31759	0.77531	0	0	0	0	0.942043	0	0.942043	5.72729	6.66933	-1.0	-1.0	-1.0	-1.0	-1.0	-1.0	-1.0	-1.0	-1.0
5198.67		4.16	1.95912	9.96232	2.91783	6.31086	1.71735	5.1604	6.661	8.52007	7.19454	2.14252	5.11038	0.366813	3.33467	3.1596	1.19214	1.19214	5.65226	2.31759	2.92617	3.1596	-1.0	-1.0	-1.0	-1.0	-1.0	-1.0	-1.0	-1.0	-1.0
5598.57		3.62645	5.65226	4.92697	2.14252	1.14212	16.1398	10.3041	15.0143	3.98493	13.7888	0.366813	2.14252	3.58477	6.5943	0	2.96785	0	0.366813	0	0	6.30252	-1.0	-1.0	-1.0	-1.0	-1.0	-1.0	-1.0	-1.0	-1.0
5998.47		2.36761	3.1596	9.43711	7.56969	17.5737	1.8424	7.46965	6.90276	0	11.663	2.36761	2.14252	2.14252	0	2.55936	2.55936	0	3.20962	2.96785	7.69474	0	-1.0	-1.0	-1.0	-1.0	-1.0	-1.0	-1.0	-1.0	-1.0
6398.37		3.33467	5.97739	8.15326	1.71735	3.70148	8.7535	13.0969	12.6384	1.91743	8.21162	2.55936	0	0	2.91783	3.87655	0	2.96785	0.733627	1.5923	0	0	-1.0	-1.0	-1.0	-1.0	-1.0	-1.0	-1.0	-1.0	-1.0
6798.27		4.95198	4.16	8.7535	11.8381	5.77731	4.5935	23.8679	10.5459	7.74476	10.3541	5.30212	2.68441	0	2.36761	1.19214	4.63519	3.20962	0	0	2.96785	1.19214	-1.0	-1.0	-1.0	-1.0	-1.0	-1.0	-1.0	-1.0	-1.0
7198.16		0.366813	2.55936	0	3.74316	13.0219	4.71855	7.03615	10.8043	17.1319	5.91903	4.95198	3.33467	6.98613	7.68641	0.77531	1.55896	0.65026	1.19214	3.1596	5.65226	2.39262	-1.0	-1.0	-1.0	-1.0	-1.0	-1.0	-1.0	-1.0	-1.0
7598.06		1.38389	2.68441	0.942043	0	1.01707	14.7976	4.40176	2.39262	12.1299	11.5463	7.90316	2.33427	2.55936	4.16	10.3125	7.19454	0	0	0.77531	1.95912	2.96785	-1.0	-1.0	-1.0	-1.0	-1.0	-1.0	-1.0	-1.0	-1.0
7997.96		1.38389	3.45972	0.65026	0.65026	4.47679	8.5034	8.89522	17.3903	14.7476	18.2823	6.5943	4.28505	5.65226	3.7515	0	0	0	8.98693	2.31759	5.89402	3.16793	-1.0	-1.0	-1.0	-1.0	-1.0	-1.0	-1.0	-1.0	-1.0
8397.86		0	0.77531	4.40176	2.39262	1.10044	9.5955	11.7214	13.6971	17.2652	10.6959	6.79438	2.55936	6.0941	2.55936	4.23503	2.55936	7.503	3.33467	1.55062	0	0	-1.0	-1.0	-1.0	-1.0	-1.0	-1.0	-1.0	-1.0	-1.0
8797.76		3.94324	7.7531	3.45972	2.68441	4.93531	8.37001	0	1.66733	7.90316	9.04528	6.01074	6.5026	1.19214	0	1.01707	3.33467	0	0	0	2.56769	0.65026	-1.0	-1.0	-1.0	-1.0	-1.0	-1.0	-1.0	-1.0	-1.0
9197.65		0	7.37795	5.52721	2.39262	0.366813	6.30252	5.93571	11.5546	21.3335	24.0596	4.10998	5.844	12.1465	4.87695	0	0.942043	10.1124	5.72729	0	1.19214	2.68441	-1.0	-1.0	-1.0	-1.0	-1.0	-1.0	-1.0	-1.0	-1.0
9597.55		0	0.366813	2.31759	0.366813	6.78605	1.19214	3.61811	7.43631	1.01707	7.26957	18.9076	8.04488	1.30052	0	4.35174	3.70148	2.56769	1.01707	4.35174	2.39262	2.39262	-1.0	-1.0	-1.0	-1.0	-1.0	-1.0	-1.0	-1.0	-1.0
9997.45		2.68441	3.9099	2.68441	7.56136	2.55936	11.8214	8.33667	12.3466	14.0139	6.8444	8.51174	7.21955	6.66933	10.0707	0.77531	5.11038	0	0.942043	2.14252	0.942043	4.16	-1.0	-1.0	-1.0	-1.0	-1.0	-1.0	-1.0	-1.0	-1.0
10397.3		3.61811	0	0.77531	0	2.96785	6.5943	9.17033	11.8714	5.844	11.9631	6.10244	11.2378	7.0028	5.46885	5.5939	2.68441	2.68441	2.20922	2.79278	1.19214	2.96785	-1.0	-1.0	-1.0	-1.0	-1.0	-1.0	-1.0	-1.0	-1.0
10797.2		0	2.96785	0	2.98453	0	3.70148	11.2628	7.97819	2.14252	6.37755	6.88609	9.53715	2.69274	4.47679	1.19214	2.55936	2.20922	1.19214	2.96785	0	2.14252	-1.0	-1.0	-1.0	-1.0	-1.0	-1.0	-1.0	-1.0	-1.0
11197.1		5.002	2.14252	0	7.4113	0	7.8448	8.08657	3.10124	7.38629	4.47679	6.14412	14.8893	3.33467	7.56136	7.61971	6.66933	6.60264	3.33467	0	2.92617	5.65226	-1.0	-1.0	-1.0	-1.0	-1.0	-1.0	-1.0	-1.0	-1.0
11597		0	2.50934	2.96785	0	3.61811	9.33707	10.4709	15.1811	6.06909	8.74516	7.8448	13.8639	10.3541	8.20328	3.33467	3.87655	0	0	0	0.77531	2.68441	-1.0	-1.0	-1.0	-1.0	-1.0	-1.0	-1.0	-1.0	-1.0
11996.9		3.05122	0	2.31759	6.06909	8.18661	0.65026	3.70148	5.70228	10.7293	6.30252	14.189	15.6646	3.86821	4.71022	2.31759	2.96785	4.89362	0	2.39262	3.98493	2.96785	-1.0	-1.0	-1.0	-1.0	-1.0	-1.0	-1.0	-1.0	-1.0
12396.8		6.01907	2.68441	0	2.96785	0	4.28505	9.47045	2.39262	5.18541	4.21002	2.31759	6.12745	11.0211	1.19214	0	0.942043	0.77531	4.87695	0.942043	8.90356	3.61811	-1.0	-1.0	-1.0	-1.0	-1.0	-1.0	-1.0	-1.0	-1.0
12796.7		0	5.44384	0.942043	0	0	0.366813	3.87655	4.10998	5.05202	14.981	12.0381	11.4879	6.30252	3.04288	0.65026	5.36881	2.96785	5.65226	2.68441	0	2.39262	-1.0	-1.0	-1.0	-1.0	-1.0	-1.0	-1.0	-1.0	-1.0
13196.6		0	0	2.96785	2.68441	4.95198	0	0	6.56929	9.22035	9.39542	7.44464	10.1624	10.2874	5.47719	2.79278	0.942043	2.14252	4.35174	5.52721	1.01707	2.96785	-1.0	-1.0	-1.0	-1.0	-1.0	-1.0	-1.0	-1.0	-1.0
13596.5		14.1723	1.01707	0.366813	3.4097	1.14212	1.01707	0	6.06076	5.88569	8.1616	8.61178	6.29418	5.95238	7.98653	8.06989	4.46012	6.01907	0	0.65026	0.65026	3.05122	-1.0	-1.0	-1.0	-1.0	-1.0	-1.0	-1.0	-1.0	-1.0
13996.4		0	5.5939	3.53475	5.07703	4.56849	2.68441	0.65026	3.10958	2.14252	5.93571	6.99446	13.8722	8.04488	4.46845	8.48673	7.60304	4.51847	2.50934	0.942043	0	2.39262	-1.0	-1.0	-1.0	-1.0	-1.0	-1.0	-1.0	-1.0	-1.0
14396.3		3.16793	1.19214	4.64352	5.11038	0	0	1.42557	5.52721	3.74316	5.89402	9.06196	11.2878	6.01074	11.5213	3.20962	6.661	0.77531	4.83527	1.95912	0	0	-1.0	-1.0	-1.0	-1.0	-1.0	-1.0	-1.0	-1.0	-1.0
14796.2		3.81819	3.50974	0	5.52721	3.57643	0	0	0.77531	0.733627	0	9.72055	7.39462	6.2525	10.5375	13.6888	8.27831	4.10998	3.86821	8.95358	6.01907	1.01707	-1.0	-1.0	-1.0	-1.0	-1.0	-1.0	-1.0	-1.0	-1.0
15196.1		5.43551	8.44504	0	1.19214	2.96785	5.11038	1.42557	1.95078	7.56136	2.57603	2.44264	17.3153	4.10998	9.38709	18.4907	10.1874	5.26877	2.96785	7.26124	1.01707	0	-1.0	-1.0	-1.0	-1.0	-1.0	-1.0	-1.0	-1.0	-1.0
15596		0.65026	2.24256	0	0.366813	2.55936	0	1.19214	2.96785	5.51887	9.88729	2.20922	4.47679	4.8436	1.30052	15.6979	3.65146	3.52641	3.29298	2.14252	5.11038	0.77531	-1.0	-1.0	-1.0	-1.0	-1.0	-1.0	-1.0	-1.0	-1.0
15995.9		0	0	1.01707	2.96785	1.01707	0	8.49506	5.65226	3.7515	3.05122	5.35214	17.582	3.78485	6.21082	2.91783	13.0969	9.99566	2.36761	3.99326	9.48713	2.55936	-1.0	-1.0	-1.0	-1.0	-1.0	-1.0	-1.0	-1.0	-1.0
16395.8		5.35214	0.366813	5.47719	4.82693	3.08457	0	0	0.942043	6.62765	2.31759	6.47759	20.0163	3.62645	16.1481	9.83727	8.87021	8.78685	12.3049	1.79238	0.942043	4.06829	-1.0	-1.0	-1.0	-1.0	-1.0	-1.0	-1.0	-1.0	-1.0
16795.7		6.30252	0	0	0.366813	2.96785	1.01707	0	5.28545	2.31759	5.61058	4.53515	4.40176	7.63639	10.1291	5.66893	7.91983	8.4117	3.50974	5.002	3.04288	2.68441	-1.0	-1.0	-1.0	-1.0	-1.0	-1.0	-1.0	-1.0	-1.0
17195.6		1.88409	2.39262	5.65226	2.03415	6.9111	2.68441	3.33467	0	2.31759	0.942043	2.03415	3.70148	3.45972	10.6459	6.71935	12.5717	10.4625	4.77691	5.85234	1.14212	2.55936	-1.0	-1.0	-1.0	-1.0	-1.0	-1.0	-1.0	-1.0	-1.0
17595.5		0	2.31759	2.55936	0	0	2.55936	8.32833	7.24456	3.51807	2.39262	12.8468	3.4097	9.82059	4.53515	12.9802	9.7539	4.88529	7.04448	5.002	6.38589	0	-1.0	-1.0	-1.0	-1.0	-1.0	-1.0	-1.0	-1.0	-1.0
17995.4		0	3.61811	7.76144	2.68441	3.98493	8.98693	0	3.1596	2.14252	10.0123	7.03615	6.30252	13.3887	4.47679	3.73483	11.5463	7.01114	7.86148	5.65226	0	2.20922	-1.0	-1.0	-1.0	-1.0	-1.0	-1.0	-1.0	-1.0	-1.0
18395.3		0	0	3.98493	0	2.31759	0	0.942043	3.58477	0	1.88409	1.01707	0.65026	3.9099	7.24456	4.69354	7.80312	10.0123	2.20922	11.5463	8.4117	5.36048	-1.0	-1.0	-1.0	-1.0	-1.0	-1.0	-1.0	-1.0	-1.0
18795.2		2.75944	0	1.01707	3.4097	1.30886	2.36761	3.33467	6.21082	0	2.75944	2.31759	0.942043	0.366813	4.16	10.9794	12.1549	13.9222	7.51134	4.65186	1.66733	2.14252	-1.0	-1.0	-1.0	-1.0	-1.0	-1.0	-1.0	-1.0	-1.0
19195.1		0.366813	1.19214	5.97739	4.83527	2.75944	3.7515	3.98493	0	2.68441	10.721	2.68441	3.70148	13.5221	7.46965	8.62845	2.14252	12.5634	3.10958	6.5943	2.38429	4.30172	-1.0	-1.0	-1.0	-1.0	-1.0	-1.0	-1.0	-1.0	-1.0
19595		2.39262	0	2.31759	2.14252	0	3.33467	0.942043	2.75944	0	5.52721	3.05122	1.01707	0.942043	2.31759	8.1616	4.10998	9.22869	10.5792	7.27791	8.67013	2.96785	-1.0	-1.0	-1.0	-1.0	-1.0	-1.0	-1.0	-1.0	-1.0
19994.9		0	6.60264	0	0	6.5026	2.14252	1.01707	0	2.14252	0.366813	2.79278	2.501	5.11871	2.50934	13.0886	6.71935	26.619	15.8814	15.1227	13.2886	7.01947	-1.0	-1.0	-1.0	-1.0	-1.0	-1.0	-1.0	-1.0	-1.0
20394.8		2.96785	2.31759	1.95912	1.19214	0.65026	5.28545	0.366813	0	0	2.68441	9.13699	1.01707	0.366813	2.96785	6.30252	8.53675	8.64512	4.04328	9.72055	11.0461	6.54428	-1.0	-1.0	-1.0	-1.0	-1.0	-1.0	-1.0	-1.0	-1.0
20794.7		0	0	0.366813	2.55936	0	0.65026	4.82693	0	4.53515	2.50934	0.366813	5.002	8.53675	8.72015	1.42557	4.36008	5.76897	22.7925	9.88729	8.69514	16.2065	-1.0	-1.0	-1.0	-1.0	-1.0	-1.0	-1.0	-1.0	-1.0
21194.6		1.5923	5.24376	0	2.96785	2.31759	1.95912	0	1.01707	0	0.942043	1.19214	3.9099	0.65026	1.8424	3.25964	3.33467	9.99566	5.844	13.2553	5.43551	4.89362	-1.0	-1.0	-1.0	-1.0	-1.0	-1.0	-1.0	-1.0	-1.0
21594.5		0.366813	2.96785	2.39262	1.71735	0	2.55936	0	2.55936	2.68441	5.10204	6.01074	2.14252	4.87695	2.55936	3.70148	0.65026	4.68521	7.44464	5.89402	10.9544	5.844	-1.0	-1.0	-1.0	-1.0	-1.0	-1.0	-1.0	-1.0	-1.0
21994.4		2.96785	0	0	3.33467	0	1.01707	6.01907	0	0.77531	2.38429	5.24376	3.70148	5.72729	4.77691	1.14212	9.23703	8.42837	19.6745	8.47839	11.5463	10.4125	-1.0	-1.0	-1.0	-1.0	-1.0	-1.0	-1.0	-1.0	-1.0
22394.3		5.844	2.55936	1.19214	0.942043	1.66733	0	6.62765	0.942043	2.96785	6.66933	2.55936	5.40216	5.55222	10.6709	0.942043	9.11198	4.55182	5.48553	16.1981	3.08457	9.9123	-1.0	-1.0	-1.0	-1.0	-1.0	-1.0	-1.0	-1.0	-1.0
22794.2		6.67767	0	0	2.39262	5.2521	3.45972	5.844	5.36048	0	2.68441	5.07703	5.48553	1.19214	2.55936	5.11038	4.35174	6.73603	2.76777	14.7976	14.1807	13.9139	-1.0	-1.0	-1.0	-1.0	-1.0	-1.0	-1.0	-1.0	-1.0
23194.1		7.96985	0.65026	2.39262	1.71735	3.98493	3.58477	0	0	0	0	8.4117	0	0	4.16	4.5935	3.9099	0.942043	10.0624	7.503	17.3403	11.788	-1.0	-1.0	-1.0	-1.0	-1.0	-1.0	-1.0	-1.0	-1.0
23594		2.96785	4.65186	6.46925	3.62645	2.60938	0	0.942043	3.04288	2.31759	0	2.39262	3.61811	4.27671	0	3.08457	2.75944	3.32633	11.1795	8.21162	8.03655	5.72729	-1.0	-1.0	-1.0	-1.0	-1.0	-1.0	-1.0	-1.0	-1.0
23993.9		0.366813	0	0.942043	0	2.92617	1.19214	3.05122	2.39262	0	1.38389	2.13419	5.65226	0	0	0	5.85234	3.9099	10.5792	9.40376	16.7317	6.42757	-1.0	-1.0	-1.0	-1.0	-1.0	-1.0	-1.0	-1.0	-1.0
24393.8		0	0	2.39262	0.77531	2.31759	0	0.942043	1.19214	0	2.68441	1.01707	4.18501	5.52721	0	2.31759	9.55382	1.71735	7.74476	8.62011	14.4975	6.07743	-1.0	-1.0	-1.0	-1.0	-1.0	-1.0	-1.0	-1.0	-1.0
24793.7		0.366813	2.20922	3.33467	1.19214	3.33467	0.65026	3.12625	5.78565	3.70148	0	11.3712	0	0	0.77531	3.33467	4.71022	1.19214	0.77531	7.86981	13.5888	7.46132	-1.0	-1.0	-1.0	-1.0	-1.0	-1.0	-1.0	-1.0	-1.0
25193.6		0	1.66733	0.942043	3.0929	2.55936	0	0	1.19214	4.46012	3.5014	0	0	0	6.14412	4.71022	1.01707	3.98493	1.42557	10.3625	10.004	2.96785	-1.0	-1.0	-1.0	-1.0	-1.0	-1.0	-1.0	-1.0	-1.0
25593.5		0.65026	6.37755	0	0	3.9099	0	0.942043	0	1.8424	0.942043	8.57843	3.20962	1.01707	3.20962	7.43631	0	4.70188	0.65026	3.16793	15.2144	10.3458	-1.0	-1.0	-1.0	-1.0	-1.0	-1.0	-1.0	-1.0	-1.0
25993.4		2.96785	5.93571	0.942043	0.65026	2.31759	4.63519	0.942043	0	7.63639	1.01707	0	2.96785	0	7.21122	0.77531	1.19214	1.19214	4.46012	1.79238	14.3391	22.7341	-1.0	-1.0	-1.0	-1.0	-1.0	-1.0	-1.0	-1.0	-1.0
26393.3		2.55936	2.55936	0.77531	0	0.65026	2.14252	5.11038	0	0	4.35174	0	1.66733	0	0.366813	2.55936	3.08457	0	1.19214	6.30252	13.372	5.47719	-1.0	-1.0	-1.0	-1.0	-1.0	-1.0	-1.0	-1.0	-1.0
26793.2		0.77531	3.1596	3.80986	0	5.72729	2.96785	0	2.55936	6.01907	1.95912	1.14212	0	1.19214	2.501	5.52721	0	2.2509	1.10044	2.96785	4.46012	9.24536	-1.0	-1.0	-1.0	-1.0	-1.0	-1.0	-1.0	-1.0	-1.0
27193.1		0	0	0	0	2.96785	1.01707	2.14252	2.68441	6.71935	0.65026	1.01707	3.33467	0.366813	3.33467	5.94404	5.002	0	2.55936	1.38389	2.07583	1.55062	-1.0	-1.0	-1.0	-1.0	-1.0	-1.0	-1.0	-1.0	-1.0
27593		1.30886	0	0	2.39262	2.20922	0	2.20922	2.96785	8.28665	0	0	3.05122	1.01707	2.96785	0.65026	0	0	0	6.96112	3.70148	11.3129	-1.0	-1.0	-1.0	-1.0	-1.0	-1.0	-1.0	-1.0	-1.0
27992.9		0	8.52841	0	2.14252	1.30886	0	0	0	2.14252	0.65026	0	2.68441	2.75944	3.33467	2.68441	2.78445	0.65026	3.33467	5.54388	8.03655	10.1374	-1.0	-1.0	-1.0	-1.0	-1.0	-1.0	-1.0	-1.0	-1.0
28392.8		0	2.68441	0	0	3.70148	0	2.68441	0.942043	0	0.77531	5.72729	1.95912	3.05122	0.65026	1.5923	0	0.942043	1.19214	5.07703	5.26877	11.6297	-1.0	-1.0	-1.0	-1.0	-1.0	-1.0	-1.0	-1.0	-1.0
28792.7		2.96785	9.27037	0	2.50934	4.26837	0	3.58477	2.55936	0	5.28545	0	0	0.77531	6.06076	0	0.77531	0	5.28545	5.41883	5.28545	15.4228	-1.0	-1.0	-1.0	-1.0	-1.0	-1.0	-1.0	-1.0	-1.0
29192.6		2.31759	0	5.72729	0	3.04288	2.75944	3.0929	2.39262	5.72729	7.96985	7.52801	0	3.33467	1.01707	2.14252	0	8.04488	0	1.38389	3.08457	2.96785	-1.0	-1.0	-1.0	-1.0	-1.0	-1.0	-1.0	-1.0	-1.0
29592.5		1.19214	2.96785	0	1.5923	2.91783	1.19214	2.96785	7.62805	0.366813	4.10998	0	3.05122	4.53515	3.33467	0	3.7515	1.38389	0	0	1.19214	4.27671	-1.0	-1.0	-1.0	-1.0	-1.0	-1.0	-1.0	-1.0	-1.0
29992.4		0	3.16793	3.62645	4.92697	4.10998	0	1.71735	0	5.93571	2.96785	3.56809	0.366813	2.96785	2.14252	4.5935	0	2.13419	2.96785	0	2.55936	1.01707	-1.0	-1.0	-1.0	-1.0	-1.0	-1.0	-1.0	-1.0	-1.0
30392.2		2.75944	5.10204	2.14252	0	0	2.14252	7.19454	0	0	0	0	1.30052	0	2.39262	1.95912	0	0	1.14212	2.31759	3.27631	4.16	-1.0	-1.0	-1.0	-1.0	-1.0	-1.0	-1.0	-1.0	-1.0
30792.1		0	1.42557	2.91783	2.31759	0	0.77531	3.45972	0	2.96785	7.0945	1.01707	1.14212	0.733627	0	0	4.27671	0	5.88569	3.5014	0	2.39262	-1.0	-1.0	-1.0	-1.0	-1.0	-1.0	-1.0	-1.0	-1.0
31192		5.844	0	0	4.16	0	0	0	0	5.24376	5.06869	2.44264	3.98493	0	2.31759	1.95912	0	0.366813	4.24336	1.30886	8.80352	1.14212	-1.0	-1.0	-1.0	-1.0	-1.0	-1.0	-1.0	-1.0	-1.0
31591.9		2.14252	3.62645	2.39262	3.57643	0	0	0	2.14252	4.35174	5.15206	0	0	0	2.50934	0.65026	3.04288	0	2.68441	0.942043	3.57643	2.14252	-1.0	-1.0	-1.0	-1.0	-1.0	-1.0	-1.0	-1.0	-1.0
31991.8		1.19214	1.30886	0	5.002	0.77531	0.77531	0.65026	0.942043	2.75944	5.80232	1.14212	0	0	0	4.02661	0	0	2.68441	2.55936	2.14252	0	-1.0	-1.0	-1.0	-1.0	-1.0	-1.0	-1.0	-1.0	-1.0
32391.7		0	2.96785	0.65026	4.70188	0.65026	2.68441	5.11038	1.01707	2.98453	0	0	0.942043	0	0.77531	0	0	2.14252	2.14252	0	0	-1.0	-1.0	-1.0	-1.0	-1.0	-1.0	-1.0	-1.0	-1.0	-1.0
32791.6		2.55936	2.39262	0.942043	2.68441	2.68441	0.942043	2.96785	4.78525	0.942043	0.65026	0.77531	2.55936	0	1.38389	5.65226	4.16	0	1.79238	1.19214	0	-1.0	-1.0	-1.0	-1.0	-1.0	-1.0	-1.0	-1.0	-1.0	-1.0
33191.5		2.68441	0.65026	3.61811	3.1596	2.50934	0.77531	6.56096	2.68441	6.06076	3.61811	0	3.1596	0	3.87655	0.942043	2.14252	2.31759	0	2.96785	3.0929	-1.0	-1.0	-1.0	-1.0	-1.0	-1.0	-1.0	-1.0	-1.0	-1.0
33591.4		0	0.366813	6.26917	1.96745	1.19214	0	2.14252	2.39262	5.36048	0	4.70188	0	4.82693	0	0	0	3.45972	0	1.19214	3.08457	-1.0	-1.0	-1.0	-1.0	-1.0	-1.0	-1.0	-1.0	-1.0	-1.0
33991.3		2.68441	0	2.14252	0	0	1.01707	1.19214	0	0.366813	0	1.5923	0	6.56096	2.93451	0	3.7515	2.96785	0	2.96785	1.8424	-1.0	-1.0	-1.0	-1.0	-1.0	-1.0	-1.0	-1.0	-1.0	-1.0
34391.2		0	3.05122	5.11038	0.366813	5.52721	0	2.96785	0.366813	0.77531	1.96745	3.9099	1.01707	2.39262	2.39262	3.1596	6.30252	0	0	2.20922	0.942043	-1.0	-1.0	-1.0	-1.0	-1.0	-1.0	-1.0	-1.0	-1.0	-1.0
34791.1		0	0	1.19214	0	1.01707	0	2.31759	1.38389	2.31759	2.96785	0	3.33467	1.30886	2.31759	4.16	0	7.66973	7.12785	2.96785	2.96785	-1.0	-1.0	-1.0	-1.0	-1.0	-1.0	-1.0	-1.0	-1.0	-1.0
35191		0.65026	0.65026	2.55936	2.68441	0	2.39262	0	2.39262	2.68441	0.77531	0	3.14292	5.82733	3.58477	2.14252	7.91983	0.77531	3.5014	1.30886	0	-1.0	-1.0	-1.0	-1.0	-1.0	-1.0	-1.0	-1.0	-1.0	-1.0