-2.498328852831343383e+01 9.000000000000000567e-05
-2.488461039674908548e+01 9.000000000000000567e-05
-2.478593226518473358e+01 9.000000000000000567e-05
-2.468725413362038523e+01 9.000000000000000567e-05
-2.458857600205603688e+01 9.000000000000000567e-05
-2.448989787049168498e+01 9.000000000000000567e-05
-2.439121973892733664e+01 9.000000000000000567e-05
-2.429254160736298829e+01 9.000000000000000567e-05
-2.419386347579863639e+01 9.000000000000000567e-05
-2.409518534423428804e+01 9.000000000000000567e-05
-2.399650721266993969e+01 9.000000000000000567e-05
-2.389782908110558779e+01 9.000000000000000567e-05
-2.379915094954123944e+01 9.000000000000000567e-05
-2.370047281797689109e+01 9.000000000000000567e-05
-2.360179468641253919e+01 9.000000000000000567e-05
-2.350311655484819084e+01 9.000000000000000567e-05
-2.340443842328384250e+01 9.000000000000000567e-05
-2.330576029171949415e+01 9.000000000000000567e-05
-2.320708216015514225e+01 9.000000000000000567e-05
-2.310840402859079390e+01 9.000000000000000567e-05
-2.300972589702644200e+01 9.000000000000000567e-05
-2.291104776546209365e+01 9.000000000000000567e-05
-2.281236963389774530e+01 9.000000000000000567e-05
-2.271369150233339695e+01 9.000000000000000567e-05
-2.261501337076904505e+01 9.000000000000000567e-05
-2.251633523920469671e+01 9.000000000000000567e-05
-2.241765710764034836e+01 9.000000000000000567e-05
-2.231897897607599646e+01 9.000000000000000567e-05
-2.222030084451164811e+01 9.000000000000000567e-05
-2.212162271294729976e+01 -7.500000000000010185e-05
-2.202294458138294786e+01 -7.250000000000009529e-05
-2.192426644981859951e+01 -9.000000000000014119e-05
-2.182558831825425116e+01 -7.250000000000009529e-05
-2.172691018668989926e+01 9.000000000000000567e-05
-2.162823205512555091e+01 9.000000000000000567e-05
-2.152955392356120257e+01 9.000000000000000567e-05
-2.143087579199685067e+01 9.000000000000000567e-05
-2.133219766043250232e+01 9.000000000000000567e-05
-2.123351952886815397e+01 9.000000000000000567e-05
-2.113484139730380207e+01 9.000000000000000567e-05
-2.103616326573945372e+01 -2.750000000000006197e-05
-2.093748513417510537e+01 -1.250000000000006159e-05
-2.083880700261075702e+01 -7.500000000000062023e-06
-2.074012887104640512e+01 -1.250000000000006159e-05
-2.064145073948205678e+01 -2.000000000000006262e-05
-2.054277260791770487e+01 -9.500000000000015431e-05
-2.044409447635335653e+01 9.000000000000000567e-05
-2.034541634478900818e+01 9.000000000000000567e-05
-2.024673821322465983e+01 9.000000000000000567e-05
-2.014806008166030793e+01 9.000000000000000567e-05
-2.004938195009595958e+01 9.000000000000000567e-05
-1.995070381853160768e+01 9.000000000000000567e-05
-1.985202568696725933e+01 -1.325000000000002391e-04
-1.975334755540291098e+01 9.000000000000000567e-05
-1.965466942383856264e+01 -1.450000000000002719e-04
-1.955599129227421074e+01 9.000000000000000567e-05
-1.945731316070986239e+01 9.000000000000000567e-05
-1.935863502914551049e+01 9.000000000000000567e-05
-1.925995689758116214e+01 9.000000000000000567e-05
-1.916127876601681379e+01 -5.000000000000062242e-06
-1.906260063445246544e+01 -5.500000000000006294e-05
-1.896392250288811354e+01 -2.250000000000006240e-05
-1.886524437132376519e+01 -5.000000000000006338e-05
-1.876656623975941329e+01 -4.750000000000006360e-05
-1.866788810819506494e+01 -3.750000000000006448e-05
-1.856920997663071660e+01 -4.000000000000006426e-05
-1.847053184506636825e+01 -8.750000000000014819e-05
-1.837185371350201635e+01 -6.250000000000006906e-05
-1.827317558193766800e+01 -5.750000000000006273e-05
-1.817449745037331965e+01 -3.500000000000006470e-05
-1.807581931880896775e+01 -3.000000000000006175e-05
-1.797714118724461940e+01 9.000000000000000567e-05
-1.787846305568027105e+01 9.000000000000000567e-05
-1.777978492411591915e+01 9.000000000000000567e-05
-1.768110679255157081e+01 9.000000000000000567e-05
-1.758242866098722246e+01 9.000000000000000567e-05
-1.748375052942287056e+01 -3.500000000000006470e-05
-1.738507239785852221e+01 -2.000000000000006262e-05
-1.728639426629417386e+01 -2.000000000000006262e-05
-1.718771613472982551e+01 -2.750000000000006197e-05
-1.708903800316547361e+01 -8.500000000000014163e-05
-1.699035987160112526e+01 -6.500000000000007562e-05
-1.689168174003677336e+01 -5.250000000000006316e-05
-1.679300360847242501e+01 -1.500000000000006137e-05
-1.669432547690807667e+01 9.000000000000000567e-05
-1.659564734534372832e+01 9.000000000000000567e-05
-1.649696921377937642e+01 9.000000000000000567e-05
-1.639829108221502807e+01 9.000000000000000567e-05
-1.629961295065067617e+01 -3.500000000000006470e-05
-1.620093481908632782e+01 -1.750000000000006284e-05
-1.610225668752197947e+01 -1.750000000000006284e-05
-1.600357855595763112e+01 -2.250000000000006240e-05
-1.590490042439327922e+01 -8.000000000000012852e-05
-1.580622229282893088e+01 -2.500000000000062038e-06
-1.570754416126458075e+01 9.000000000000000567e-05
-1.560886602970023063e+01 9.000000000000000567e-05
-1.551018789813588228e+01 9.000000000000000567e-05
-1.541150976657153215e+01 9.000000000000000567e-05
-1.531283163500718203e+01 9.000000000000000567e-05
-1.521415350344283368e+01 -4.750000000000006360e-05
-1.511547537187848356e+01 -3.750000000000006448e-05
-1.501679724031413521e+01 -4.000000000000006426e-05
-1.491811910874978508e+01 -8.000000000000012852e-05
-1.481944097718543496e+01 -3.500000000000006470e-05
-1.472076284562108661e+01 9.000000000000000567e-05
-1.462208471405673649e+01 9.000000000000000567e-05
-1.452340658249238636e+01 9.000000000000000567e-05
-1.442472845092803801e+01 9.000000000000000567e-05
-1.432605031936368789e+01 9.000000000000000567e-05
-1.422737218779933777e+01 -1.750000000000006284e-05
-1.412869405623498942e+01 -4.250000000000006404e-05
-1.403001592467063929e+01 -3.500000000000006470e-05
-1.393133779310628917e+01 -2.250000000000006240e-05
-1.383265966154194082e+01 -2.250000000000006240e-05
-1.373398152997759070e+01 -3.000000000000006175e-05
-1.363530339841324057e+01 -8.500000000000014163e-05
-1.353662526684889222e+01 -5.000000000000006338e-05
-1.343794713528454210e+01 -5.250000000000006316e-05
-1.333926900372019198e+01 -2.000000000000006262e-05
-1.324059087215584363e+01 9.000000000000000567e-05
-1.314191274059149350e+01 9.000000000000000567e-05
-1.304323460902714515e+01 9.000000000000000567e-05
-1.294455647746279503e+01 9.000000000000000567e-05
-1.284587834589844491e+01 9.000000000000000567e-05
-1.274720021433409656e+01 -3.250000000000006492e-05
-1.264852208276974643e+01 -2.000000000000006262e-05
-1.254984395120539631e+01 -2.000000000000006262e-05
-1.245116581964104796e+01 -2.500000000000006218e-05
-1.235248768807669784e+01 -9.250000000000014775e-05
-1.225380955651234771e+01 3.249999999999993617e-05
-1.215513142494799936e+01 9.000000000000000567e-05
-1.205645329338364924e+01 9.000000000000000567e-05
-1.195777516181929911e+01 9.000000000000000567e-05
-1.185909703025495077e+01 9.000000000000000567e-05
-1.176041889869060064e+01 9.000000000000000567e-05
-1.166174076712625052e+01 -1.750000000000006284e-05
-1.156306263556190217e+01 -5.500000000000006294e-05
-1.146438450399755205e+01 -3.750000000000006448e-05
-1.136570637243320370e+01 -6.250000000000006906e-05
-1.126702824086885357e+01 -6.500000000000007562e-05
-1.116835010930450345e+01 -7.000000000000010229e-05
-1.106967197774015510e+01 -6.500000000000007562e-05
-1.097099384617580498e+01 -6.500000000000007562e-05
-1.087231571461145485e+01 -4.250000000000006404e-05
-1.077363758304710650e+01 -2.500000000000006218e-05
-1.067495945148275638e+01 9.000000000000000567e-05
-1.057628131991840625e+01 9.000000000000000567e-05
-1.047760318835405791e+01 9.000000000000000567e-05
-1.037892505678970778e+01 9.000000000000000567e-05
-1.028024692522535766e+01 -3.750000000000006448e-05
-1.018156879366100931e+01 -2.250000000000006240e-05
-1.008289066209665918e+01 -2.250000000000006240e-05
-9.984212530532309060e+00 -3.000000000000006175e-05
-9.885534398967960712e+00 -8.250000000000013507e-05
-9.786856267403610588e+00 -2.750000000000006197e-05
-9.688178135839260463e+00 -1.500000000000006137e-05
-9.589500004274912115e+00 9.000000000000000567e-05
-9.490821872710561991e+00 9.000000000000000567e-05
-9.392143741146213642e+00 9.000000000000000567e-05
-9.293465609581863518e+00 9.000000000000000567e-05
-9.194787478017513394e+00 9.000000000000000567e-05
-9.096109346453165045e+00 -3.250000000000006492e-05
-8.997431214888814921e+00 -2.000000000000006262e-05
-8.898753083324464797e+00 -2.000000000000006262e-05
-8.800074951760116448e+00 -2.750000000000006197e-05
-8.701396820195768100e+00 -8.250000000000014863e-05
-8.602718688631416200e+00 -5.250000000000006316e-05
-8.504040557067067851e+00 -2.250000000000006240e-05
-8.405362425502719503e+00 -1.500000000000006137e-05
-8.306684293938367603e+00 -1.250000000000006159e-05
-8.208006162374019254e+00 9.000000000000000567e-05
-8.109328030809670906e+00 9.000000000000000567e-05
-8.010649899245319006e+00 9.000000000000000567e-05
-7.911971767680970657e+00 9.000000000000000567e-05
-7.813293636116622309e+00 -2.500000000000006218e-05
-7.714615504552270409e+00 -1.250000000000006159e-05
-7.615937372987922060e+00 -1.000000000000006180e-05
-7.517259241423573712e+00 -1.250000000000006159e-05
-7.418581109859221812e+00 -2.500000000000006218e-05
-7.319902978294873463e+00 -7.750000000000013551e-05
-7.221224846730525115e+00 -5.000000000000006338e-05
-7.122546715166173215e+00 9.000000000000000567e-05
-7.023868583601824866e+00 9.000000000000000567e-05
-6.925190452037476518e+00 9.000000000000000567e-05
-6.826512320473124618e+00 9.000000000000000567e-05
-6.727834188908776269e+00 9.000000000000000567e-05
-6.629156057344427921e+00 -7.500000000000062023e-06
-6.530477925780076021e+00 -3.750000000000006448e-05
-6.431799794215727673e+00 -2.000000000000006262e-05
-6.333121662651379324e+00 -4.750000000000006360e-05
-6.234443531087027424e+00 -3.750000000000006448e-05
-6.135765399522679076e+00 -4.250000000000006404e-05
-6.037087267958330727e+00 -6.250000000000006906e-05
-5.938409136393978827e+00 -7.000000000000008874e-05
-5.839731004829630479e+00 -4.750000000000006360e-05
-5.741052873265282130e+00 9.000000000000000567e-05
-5.642374741700930230e+00 9.000000000000000567e-05
-5.543696610136581882e+00 9.000000000000000567e-05
-5.445018478572233533e+00 9.000000000000000567e-05
-5.346340347007881633e+00 9.000000000000000567e-05
-5.247662215443533285e+00 -1.250000000000006159e-05
-5.148984083879184936e+00 -2.750000000000006197e-05
-5.050305952314836588e+00 -2.500000000000006218e-05
-4.951627820750484688e+00 -3.500000000000006470e-05
-4.852949689186136339e+00 -2.250000000000006240e-05
-4.754271557621787991e+00 -2.250000000000006240e-05
-4.655593426057436091e+00 -3.000000000000006175e-05
-4.556915294493087742e+00 -7.750000000000013551e-05
-4.458237162928739394e+00 -5.500000000000006294e-05
-4.359559031364387494e+00 -6.000000000000006928e-05
-4.260880899800039145e+00 -4.250000000000006404e-05
-4.162202768235690797e+00 -1.500000000000006137e-05
-4.063524636671338897e+00 9.000000000000000567e-05
-3.964846505106990548e+00 9.000000000000000567e-05
-3.866168373542642200e+00 9.000000000000000567e-05
-3.767490241978290300e+00 9.000000000000000567e-05
-3.668812110413941951e+00 9.000000000000000567e-05
-3.570133978849593603e+00 -6.183340514956392475e-20
-3.471455847285241703e+00 -3.500000000000006470e-05
-3.372777715720893355e+00 7.499999999999938357e-06
-3.274099584156545006e+00 -4.000000000000006426e-05
-3.175421452592193106e+00 -5.000000000000006338e-05
-3.076743321027844758e+00 -4.500000000000006382e-05
-2.978065189463496409e+00 -3.500000000000006470e-05
-2.879387057899144509e+00 -2.500000000000006557e-05
-2.780708926334796161e+00 -2.250000000000006579e-05
-2.682030794770447812e+00 -2.750000000000009923e-05
-2.583352663206095912e+00 -2.500000000000011301e-05
-2.484674531641747564e+00 -5.500000000000008327e-05
-2.385996400077399215e+00 -6.500000000000007562e-05
-2.287318268513047315e+00 -5.750000000000006273e-05
-2.188640136948698967e+00 -4.250000000000006404e-05
-2.089962005384350618e+00 -2.250000000000006240e-05
-1.991283873819998718e+00 9.000000000000000567e-05
-1.892605742255650370e+00 9.000000000000000567e-05
-1.793927610691302021e+00 9.000000000000000567e-05
-1.695249479126950121e+00 9.000000000000000567e-05
-1.596571347562601773e+00 9.000000000000000567e-05
-1.497893215998253424e+00 -3.000000000000006175e-05
-1.399215084433905076e+00 -1.000000000000006180e-05
-1.300536952869553176e+00 -1.000000000000006180e-05
-1.201858821305204827e+00 -1.250000000000006159e-05
-1.103180689740856479e+00 -2.250000000000006240e-05
-1.004502558176504579e+00 -9.250000000000014775e-05
-9.058244266121562305e-01 9.000000000000000567e-05
-8.071462950478078824e-01 9.000000000000000567e-05
-7.084681634834559816e-01 9.000000000000000567e-05
-6.097900319191076335e-01 9.000000000000000567e-05
-5.111119003547592854e-01 9.000000000000000567e-05
-4.124337687904073846e-01 9.000000000000000567e-05
-3.137556372260590365e-01 -1.400000000000002588e-04
-2.150775056617106884e-01 -5.250000000000006316e-05
-1.163993740973587876e-01 9.000000000000000567e-05
-1.772124253301043950e-02 9.000000000000000567e-05
8.095688903133790859e-02 9.000000000000000567e-05
1.796350205956898094e-01 9.000000000000000567e-05
2.783131521600381575e-01 -2.500000000000062038e-06
3.769912837243865056e-01 -3.500000000000006470e-05
4.756694152887384064e-01 -1.250000000000006159e-05
5.743475468530867545e-01 -3.750000000000006448e-05
6.730256784174351026e-01 -2.500000000000006218e-05
7.717038099817870034e-01 -4.000000000000006426e-05
8.703819415461353515e-01 -3.500000000000006470e-05
9.690600731104836996e-01 -2.250000000000006240e-05
1.067738204674835600e+00 -2.250000000000006240e-05
1.166416336239183948e+00 -3.000000000000006175e-05
1.265094467803532297e+00 -9.500000000000015431e-05
1.363772599367884197e+00 9.000000000000000567e-05
1.462450730932232545e+00 9.000000000000000567e-05
1.561128862496580894e+00 9.000000000000000567e-05
1.659806994060932794e+00 -1.500000000000006137e-05
1.758485125625281142e+00 -2.500000000000006218e-05
1.857163257189629491e+00 -1.750000000000006284e-05
1.955841388753981391e+00 -2.750000000000006197e-05
2.054519520318329739e+00 -1.500000000000006137e-05
2.153197651882678088e+00 -4.000000000000006426e-05
2.251875783447026436e+00 -1.750000000000006284e-05
2.350553915011378336e+00 -5.000000000000006338e-05
2.449232046575726685e+00 2.499999999999938371e-06
2.547910178140075033e+00 -4.250000000000006404e-05
2.646588309704426933e+00 -5.000000000000006338e-05
2.745266441268775282e+00 -1.250000000000006667e-05
2.843944572833123630e+00 -2.250000000000006579e-05
2.942622704397475530e+00 -1.500000000000006645e-05
3.041300835961823879e+00 -1.500000000000006645e-05
3.139978967526172227e+00 -1.750000000000006623e-05
3.238657099090524127e+00 -2.000000000000006601e-05
3.337335230654872475e+00 -1.750000000000006623e-05
3.436013362219220824e+00 -1.750000000000006623e-05
3.534691493783572724e+00 -2.000000000000008634e-05
3.633369625347921072e+00 -1.750000000000006623e-05
3.732047756912269421e+00 -2.750000000000008568e-05
3.830725888476621321e+00 -2.750000000000008568e-05
3.929404020040969669e+00 -5.500000000000008327e-05
4.028082151605318018e+00 -6.000000000000006928e-05
4.126760283169669918e+00 -5.750000000000006950e-05
4.225438414734018266e+00 -4.750000000000006360e-05
4.324116546298366615e+00 -1.750000000000006284e-05
4.422794677862718515e+00 9.000000000000000567e-05
4.521472809427066863e+00 9.000000000000000567e-05
4.620150940991415212e+00 9.000000000000000567e-05
4.718829072555767112e+00 9.000000000000000567e-05
4.817507204120115460e+00 -2.000000000000006262e-05
4.916185335684463809e+00 -2.500000000000062038e-06
5.014863467248815709e+00 -6.183340514956392475e-20
5.113541598813164057e+00 -6.183340514956392475e-20
5.212219730377512406e+00 -5.000000000000062242e-06
5.310897861941864306e+00 -1.750000000000006284e-05
5.409575993506212654e+00 -7.500000000000010185e-05
5.508254125070561003e+00 -7.500000000000062023e-06
5.606932256634912903e+00 1.749999999999993748e-05
5.705610388199261251e+00 9.000000000000000567e-05
5.804288519763609600e+00 9.000000000000000567e-05
5.902966651327957948e+00 9.000000000000000567e-05
6.001644782892309848e+00 9.000000000000000567e-05
6.100322914456658197e+00 9.000000000000000567e-05
6.199001046021006545e+00 -2.750000000000006197e-05
6.297679177585358445e+00 -1.250000000000006159e-05
6.396357309149706794e+00 -1.000000000000006180e-05
6.495035440714055142e+00 -1.250000000000006159e-05
6.593713572278407042e+00 -2.250000000000006240e-05
6.692391703842755390e+00 -6.500000000000010273e-05
6.791069835407103739e+00 -4.750000000000006360e-05
6.889747966971455639e+00 -4.250000000000006404e-05
6.988426098535803987e+00 -2.000000000000006262e-05
7.087104230100155888e+00 -2.500000000000062038e-06
7.185782361664504236e+00 9.000000000000000567e-05
7.284460493228852584e+00 9.000000000000000567e-05
7.383138624793200933e+00 9.000000000000000567e-05
7.481816756357549281e+00 9.000000000000000567e-05
7.580494887921897629e+00 9.000000000000000567e-05
7.679173019486253082e+00 -3.500000000000006470e-05
7.777851151050601430e+00 -9.500000000000014076e-05
7.876529282614949778e+00 -5.000000000000006338e-05
7.975207414179298127e+00 9.000000000000000567e-05
8.073885545743646475e+00 9.000000000000000567e-05
8.172563677307994823e+00 9.000000000000000567e-05
8.271241808872350276e+00 9.000000000000000567e-05
8.369919940436698624e+00 -3.500000000000006470e-05
8.468598072001046972e+00 -5.000000000000062242e-06
8.567276203565395321e+00 -3.000000000000006175e-05
8.665954335129743669e+00 -5.000000000000006338e-05
8.764632466694092017e+00 -4.250000000000006404e-05
8.863310598258447470e+00 -5.250000000000006316e-05
8.961988729822795818e+00 -4.250000000000000983e-05
9.060666861387144166e+00 -4.750000000000009748e-05
9.159344992951492515e+00 -3.250000000000007169e-05
9.258023124515840863e+00 -6.750000000000009573e-05
9.356701256080189211e+00 -5.250000000000006316e-05
9.455379387644544664e+00 -5.000000000000006338e-05
9.554057519208893012e+00 -2.750000000000006197e-05
9.652735650773241360e+00 -2.000000000000006262e-05
9.751413782337589709e+00 9.000000000000000567e-05
9.850091913901938057e+00 9.000000000000000567e-05
9.948770045466286405e+00 9.000000000000000567e-05
1.004744817703064186e+01 9.000000000000000567e-05
1.014612630859499021e+01 9.000000000000000567e-05
1.024480444015933855e+01 9.000000000000000567e-05
1.034348257172368690e+01 -3.500000000000006470e-05
1.044216070328803525e+01 -2.000000000000006262e-05
1.054083883485238360e+01 -2.000000000000006262e-05
1.063951696641673905e+01 -3.000000000000006175e-05
1.073819509798108740e+01 -7.250000000000010885e-05
1.083687322954543575e+01 -5.500000000000006294e-05
1.093555136110978410e+01 -6.000000000000006928e-05
1.103422949267413244e+01 -4.000000000000006426e-05
1.113290762423848079e+01 -4.250000000000006404e-05
1.123158575580282914e+01 -2.000000000000006262e-05
1.133026388736718459e+01 9.000000000000000567e-05
1.142894201893153294e+01 9.000000000000000567e-05
1.152762015049588129e+01 9.000000000000000567e-05
1.162629828206022964e+01 9.000000000000000567e-05
1.172497641362457799e+01 9.000000000000000567e-05
1.182365454518892633e+01 9.000000000000000567e-05
1.192233267675328179e+01 -4.750000000000006360e-05
1.202101080831763014e+01 -3.750000000000006448e-05
1.211968893988197848e+01 -4.000000000000006426e-05
1.221836707144632683e+01 -7.500000000000012896e-05
1.231704520301067518e+01 -5.000000000000006338e-05
1.241572333457502353e+01 9.000000000000000567e-05
1.251440146613937898e+01 9.000000000000000567e-05
1.261307959770372733e+01 9.000000000000000567e-05
1.271175772926807568e+01 9.000000000000000567e-05
1.281043586083242403e+01 9.000000000000000567e-05
1.290911399239677237e+01 9.000000000000000567e-05
1.300779212396112072e+01 -3.250000000000006492e-05
1.310647025552547618e+01 -5.000000000000062242e-06
1.320514838708982452e+01 -3.750000000000006448e-05
1.330382651865417287e+01 -1.500000000000006137e-05
1.340250465021852122e+01 -4.250000000000006404e-05
1.350118278178286957e+01 -2.000000000000004907e-05
1.359986091334721792e+01 -4.000000000000005071e-05
1.369853904491157337e+01 -3.500000000000006470e-05
1.379721717647592172e+01 -4.250000000000006404e-05
1.389589530804027007e+01 -2.250000000000006579e-05
1.399457343960461841e+01 -2.000000000000006601e-05
1.409325157116896676e+01 -1.500000000000006645e-05
1.419192970273331511e+01 -1.500000000000006645e-05
1.429060783429767056e+01 -1.250000000000006667e-05
1.438928596586201891e+01 -1.500000000000006645e-05
1.448796409742636726e+01 -1.500000000000006645e-05
1.458664222899071561e+01 -1.250000000000006667e-05
1.468532036055506396e+01 -1.250000000000006667e-05
1.478399849211941230e+01 -1.750000000000007301e-05
1.488267662368376065e+01 -2.000000000000006601e-05
1.498135475524811611e+01 -3.000000000000013290e-05
1.508003288681246445e+01 -3.500000000000011213e-05
1.517871101837681280e+01 -7.000000000000008874e-05
1.527738914994116115e+01 -6.250000000000006906e-05
1.537606728150550950e+01 -4.500000000000006382e-05
1.547474541306985785e+01 -2.250000000000006240e-05
1.557342354463421330e+01 9.000000000000000567e-05
1.567210167619856165e+01 9.000000000000000567e-05
1.577077980776291000e+01 9.000000000000000567e-05
1.586945793932725834e+01 9.000000000000000567e-05
1.596813607089160669e+01 9.000000000000000567e-05
1.606681420245595504e+01 -3.000000000000006175e-05
1.616549233402031049e+01 -1.500000000000006137e-05
1.626417046558465884e+01 -1.500000000000006137e-05
1.636284859714900719e+01 -2.250000000000006240e-05
1.646152672871335554e+01 -8.500000000000012808e-05
1.656020486027770389e+01 9.000000000000000567e-05
1.665888299184205223e+01 9.000000000000000567e-05
1.675756112340640769e+01 9.000000000000000567e-05
1.685623925497075604e+01 9.000000000000000567e-05
1.695491738653510438e+01 9.000000000000000567e-05
1.705359551809945273e+01 9.000000000000000567e-05
1.715227364966380108e+01 9.000000000000000567e-05
1.725095178122814943e+01 -1.500000000000006137e-05
1.734962991279250488e+01 -4.000000000000006426e-05
1.744830804435685323e+01 -2.500000000000006218e-05
1.754698617592120158e+01 -7.000000000000007518e-05
1.764566430748554993e+01 -1.000000000000001539e-04
1.774434243904989827e+01 -5.500000000000006294e-05
1.784302057061424662e+01 9.000000000000000567e-05
1.794169870217860208e+01 9.000000000000000567e-05
1.804037683374295042e+01 9.000000000000000567e-05
1.813905496530729877e+01 9.000000000000000567e-05
1.823773309687164712e+01 -2.000000000000006262e-05
1.833641122843599547e+01 -2.000000000000006262e-05
1.843508936000034382e+01 -1.500000000000006137e-05
1.853376749156469216e+01 -1.000000000000006180e-05
1.863244562312904762e+01 -4.250000000000006404e-05
1.873112375469339597e+01 -1.750000000000006284e-05
1.882980188625774431e+01 -4.250000000000006404e-05
1.892848001782209266e+01 -2.250000000000006240e-05
1.902715814938644101e+01 -4.500000000000006382e-05
1.912583628095078936e+01 -1.750000000000006284e-05
1.922451441251514481e+01 -3.000000000000006175e-05
1.932319254407949316e+01 -7.500000000000067106e-06
1.942187067564384151e+01 -7.500000000000063717e-06
1.952054880720818986e+01 -7.500000000000067106e-06
1.961922693877253820e+01 -1.000000000000006350e-05
1.971790507033688655e+01 -7.500000000000067106e-06
1.981658320190124201e+01 -1.000000000000006350e-05
1.991526133346559035e+01 -7.500000000000067106e-06
2.001393946502993870e+01 -7.500000000000063717e-06
2.011261759659428705e+01 -1.000000000000006689e-05
2.021129572815863540e+01 -7.500000000000063717e-06
2.030997385972298375e+01 -7.500000000000067106e-06
2.040865199128733920e+01 -1.000000000000006350e-05
2.050733012285168755e+01 -1.000000000000006689e-05
2.060600825441603590e+01 -1.000000000000006689e-05
2.070468638598038424e+01 -1.000000000000006689e-05
2.080336451754473259e+01 -1.000000000000006689e-05
2.090204264910908094e+01 -1.250000000000007344e-05
2.100072078067343639e+01 -1.750000000000006623e-05
2.109939891223778474e+01 -2.250000000000007257e-05
2.119807704380213309e+01 -2.750000000000007213e-05
2.129675517536648144e+01 -6.500000000000008917e-05
2.139543330693082979e+01 -5.750000000000006950e-05
2.149411143849517813e+01 -4.250000000000006404e-05
2.159278957005953359e+01 -3.500000000000006470e-05
2.169146770162388194e+01 -1.750000000000006284e-05
2.179014583318823028e+01 9.000000000000000567e-05
2.188882396475257863e+01 9.000000000000000567e-05
2.198750209631692698e+01 9.000000000000000567e-05
2.208618022788127533e+01 9.000000000000000567e-05
2.218485835944562368e+01 9.000000000000000567e-05
2.228353649100997913e+01 9.000000000000000567e-05
2.238221462257432748e+01 9.000000000000000567e-05
2.248089275413867583e+01 1.249999999999993792e-05
2.257957088570302417e+01 -3.500000000000006470e-05
2.267824901726737252e+01 -5.250000000000006316e-05
2.277692714883172087e+01 -4.500000000000006382e-05
2.287560528039607632e+01 -3.750000000000007125e-05
2.297428341196042467e+01 -2.500000000000007235e-05
2.307296154352477302e+01 -4.000000000000008459e-05
2.317163967508912137e+01 -4.500000000000007060e-05
2.327031780665346972e+01 -6.000000000000006251e-05
2.336899593821781806e+01 -4.750000000000006360e-05
2.346767406978217352e+01 -3.250000000000006492e-05
2.356635220134652187e+01 -1.750000000000006284e-05
2.366503033291087021e+01 9.000000000000000567e-05
2.376370846447521856e+01 9.000000000000000567e-05
2.386238659603956691e+01 9.000000000000000567e-05
2.396106472760391526e+01 9.000000000000000567e-05
2.405974285916827071e+01 9.000000000000000567e-05
2.415842099073261906e+01 4.500000000000000283e-05
2.425709912229696741e+01 0.000000000000000000e+00
